,City,Lon,Lat,Temp,Humidity,Wind,Cloud
0,Bambous virieux,57.76,-20.34,77.0,78,9.17,75
1,Hamilton,-84.53,39.18,32.65,89,2.08,90
2,Rognan,15.39,67.1,23.34,79,38.03,75
3,Tianpeng,103.94,30.99,44.6,81,4.47,40
4,Pochutla,-96.47,15.74,78.98,69,9.17,5
5,Matao,-48.37,-21.6,68.31,58,4.85,0
6,Ponta do sol,-17.1,32.67,55.08,71,2.24,20
7,Mudgee,149.59,-32.59,92.64,34,6.93,13
8,Faanui,-151.75,-16.48,83.53,72,10.4,70
9,Shigony,48.68,53.39,24.3,91,14.5,100
10,Mogadishu,45.34,2.04,81.36,79,21.59,100
11,Cherdyn,56.48,60.4,-0.18,97,4.21,100
12,Pedernales,-71.74,18.04,65.48,95,2.17,29
13,Sioux lookout,-91.92,50.1,14.0,92,3.36,90
14,Carutapera,-46.02,-1.2,82.22,79,13.8,100
15,Touros,-35.46,-5.2,78.8,94,3.36,40
16,Bahia de caraquez,-80.42,-0.6,78.8,83,4.7,75
17,Xining,101.77,36.62,14.0,67,4.59,0
18,Samarai,150.67,-10.62,88.32,62,7.74,64
19,Goulburn,149.72,-34.75,92.98,27,1.99,0
20,Hornepayne,-84.77,49.21,15.67,94,6.91,99
21,Tottori,134.23,35.5,48.4,66,18.34,75
22,Bosilovo,22.73,41.44,42.01,86,4.76,100
23,Morehead,-87.18,37.27,43.63,81,2.77,90
24,Svetlogorsk,29.73,52.63,30.34,94,4.97,6
25,Saint-louis,-15.0,16.33,80.6,24,11.54,67
26,Gravdal,13.5,68.12,25.12,96,27.2,100
27,Talara,-81.27,-4.58,73.89,93,9.71,35
28,Havoysund,24.66,71.0,17.6,78,9.17,75
29,Lac-megantic,-70.88,45.58,31.03,97,8.05,90
30,San remo,7.76,43.82,40.84,93,2.24,5
31,Cherskiy,161.3,68.75,-23.78,87,1.48,86
32,Sidi ali,0.42,36.1,44.94,92,3.27,0
33,Pula,13.85,44.87,42.48,100,1.12,75
34,Tongren,109.19,27.72,37.94,68,6.67,15
35,Uyuni,-66.83,-20.46,55.4,55,27.85,82
36,Sesheke,24.3,-17.48,71.6,94,1.34,20
37,College,-147.8,64.86,-17.66,74,3.36,100
38,Gamba,10.0,-2.65,78.87,84,0.98,93
39,Farmington,-108.22,36.73,32.7,69,1.72,1
40,Umm lajj,37.27,25.02,53.01,21,5.93,0
41,Puerto baquerizo moreno,-89.6,-0.9,76.21,86,12.5,100
42,Nianzishan,122.88,47.52,10.78,75,1.21,0
43,Ilhabela,-45.36,-23.78,75.45,78,15.37,0
44,Mormugao,73.8,15.4,74.73,65,1.66,0
45,Kurilsk,147.88,45.23,14.77,67,27.58,66
46,San policarpo,125.51,12.18,83.79,70,3.98,1
47,Urambo,32.05,-5.07,65.97,96,3.33,100
48,Hofn,-15.21,64.25,40.32,58,18.1,100
49,Bowen,148.23,-20.02,78.89,94,6.93,75
50,Charters towers,146.27,-20.1,78.03,83,12.26,100
51,Jingdezhen,117.21,29.29,41.22,88,4.29,100
52,Sitka,-135.33,57.05,41.29,75,13.87,90
53,Broken hill,141.43,-31.95,93.2,16,14.99,0
54,Arraial do cabo,-42.03,-22.97,75.49,79,11.5,1
55,Ugoofaaru,73.0,5.67,81.16,75,8.72,100
56,Khatanga,102.5,71.97,-19.89,98,1.32,98
57,Mastic beach,-72.85,40.77,39.2,64,8.05,40
58,Bethel,-73.41,41.37,37.54,64,6.93,90
59,Rohatec,17.18,48.88,29.7,92,3.36,90
60,Havelock,-76.9,34.88,39.81,86,3.36,1
61,La romana,-68.97,18.43,70.29,100,5.75,20
62,Muravlenko,74.52,63.79,-8.81,100,10.38,91
63,Barrow,-156.79,71.29,-23.8,74,9.17,40
64,Flinders,150.86,-34.58,84.06,58,6.93,43
65,Polunochnoye,60.42,60.87,-5.26,95,6.82,100
66,Kaitangata,169.85,-46.28,69.01,65,7.0,100
67,Codrington,141.97,-38.27,61.05,75,13.27,100
68,Klaksvik,-6.59,62.23,37.4,60,34.45,88
69,Dingle,122.67,11.0,84.18,70,6.38,8
70,Smithers,-127.17,54.78,30.2,92,4.7,40
71,Yellowknife,-114.35,62.46,1.24,84,4.7,90
72,Mahebourg,57.7,-20.41,77.0,78,9.17,75
73,Olinda,-34.86,-8.01,82.4,78,4.7,40
74,Belluru,76.74,12.99,69.37,46,4.7,94
75,Octeville,-1.64,49.63,46.67,93,17.22,90
76,San fernando,120.69,15.03,85.53,58,4.7,75
77,Kamenka,42.77,51.32,33.01,88,7.0,99
78,Yatou,122.38,37.15,46.99,71,13.2,100
79,Namibe,12.15,-15.2,74.55,73,6.44,79
80,Mayfield,-88.64,36.74,47.43,93,4.7,40
81,Petrolina,-40.5,-9.4,73.4,100,3.36,75
82,Padang,100.35,-0.95,78.76,80,1.74,62
83,Mawlaik,94.42,23.63,65.12,44,1.3,0
84,Bilibino,166.44,68.05,-8.28,92,2.66,58
85,Butaritari,172.79,3.07,81.86,81,12.86,100
86,Arlit,7.39,18.74,64.49,10,6.42,99
87,Hudson bay,-102.38,52.85,12.76,98,1.9,99
88,Chokurdakh,147.92,70.63,-23.37,97,4.61,100
89,Swan river,-101.27,52.11,7.59,99,3.06,53
90,Shingu,135.98,33.73,53.6,71,4.7,75
91,Okhotsk,143.3,59.38,-6.39,74,10.94,99
92,Ancud,-73.82,-41.87,50.0,87,2.24,33
93,Cabo san lucas,-109.91,22.89,64.45,77,4.7,20
94,Kiunga,141.29,-6.12,97.65,46,1.7,3
95,Kumluca,30.29,36.37,45.27,76,2.21,100
96,Walvis bay,14.51,-22.96,59.76,87,2.24,32
97,Hobyo,48.53,5.35,78.71,70,21.9,57
98,Carahue,-73.17,-38.7,55.4,87,2.24,28
99,Betsiamites,-68.65,48.94,28.4,86,9.17,90
100,Palimanan,108.42,-6.71,85.64,68,2.26,1
101,Nyurba,118.33,63.28,-14.15,97,3.44,97
102,Krasnoselkup,82.47,65.7,0.41,96,9.24,100
103,Parabel,81.48,58.7,14.25,92,14.34,100
104,Grand-lahou,-5.02,5.14,81.7,82,9.64,0
105,Kuching,110.33,1.55,87.49,74,5.82,75
106,La playa,-67.19,18.29,72.57,88,5.82,1
107,Skjervoy,20.97,70.03,19.9,67,23.89,61
108,Kango,10.1,0.19,74.91,96,1.36,8
109,Laibin,109.27,23.7,44.55,72,9.53,100
110,Carnarvon,113.63,-24.87,82.4,78,13.87,0
111,Merauke,140.33,-8.47,91.81,53,7.72,10
112,Cidreira,-50.21,-30.18,76.96,74,16.02,38
113,Dmytrivka,28.99,45.97,33.48,79,6.11,60
114,Kenora,-94.43,49.82,14.99,92,5.82,90
115,Vostok,135.88,46.49,16.41,80,3.27,0
116,Anadyr,177.48,64.75,14.0,78,13.42,75
117,Djibo,-1.63,14.1,68.5,8,9.51,69
118,Quthing,27.7,-30.4,51.13,87,2.95,0
119,Santa maria,-53.81,-29.68,77.0,83,1.12,100
120,Lively,-81.15,46.43,28.17,92,13.87,90
121,Nome,-165.41,64.5,-7.6,63,11.41,1
122,Baykit,96.37,61.67,0.61,97,2.57,100
123,Pisco,-76.22,-13.7,72.23,88,17.22,36
124,Bandarbeyla,50.81,9.49,78.76,77,26.96,51
125,Spornoye,37.29,50.84,32.0,88,8.95,75
126,Coihaique,-72.07,-45.58,57.2,50,9.17,100
127,Victoria,114.16,22.29,56.32,62,11.41,20
128,Jaca,-0.55,42.57,33.28,83,3.36,89
129,Bauchi,10.0,10.5,56.46,34,3.74,0
130,Quito,-78.52,-0.23,53.1,93,3.36,90
131,Tiksi,128.87,71.69,-31.18,63,2.64,0
132,Akdepe,59.38,42.06,32.02,74,11.41,75
133,Kayalpattinam,78.12,8.57,78.8,78,5.82,20
134,Quatre cocos,57.76,-20.21,77.0,78,9.17,75
135,Mbumi,39.21,-7.91,73.26,98,2.73,75
136,Odweyne,45.06,9.41,66.15,73,20.33,97
137,Chiang kham,100.3,19.52,62.6,67,3.36,0
138,Delano,-119.25,35.77,54.68,87,4.7,75
139,Kirakira,161.92,-10.45,84.02,75,2.13,98
140,Bontang,117.5,0.13,83.68,76,8.05,41
141,Turayf,38.66,31.67,30.2,100,2.24,0
142,Barcelona,2.16,41.39,44.67,93,4.38,20
143,Itarema,-39.92,-2.92,76.64,95,3.91,100
144,Nikolskoye,30.79,59.7,26.11,68,8.95,99
145,Ofaqim,34.62,31.31,39.96,87,1.01,100
146,Punta arenas,-70.92,-53.15,50.0,71,10.29,75
147,Behshahr,53.55,36.69,33.8,86,2.24,0
148,Nelson bay,152.15,-32.72,81.63,74,12.75,90
149,Saint-joseph,55.62,-21.37,72.05,69,8.05,75
150,Bathsheba,-59.52,13.22,78.8,74,11.41,40
151,Seoul,126.98,37.57,45.18,42,8.05,75
152,Batouri,14.37,4.43,60.4,34,0.54,78
153,Lata,-8.33,40.16,52.32,93,6.93,20
154,Port alfred,26.89,-33.59,61.0,77,5.01,18
155,Pemba,40.52,-12.97,75.2,94,4.7,75
156,Anan,134.65,33.92,48.24,87,5.82,90
157,Baghdad,44.4,33.34,39.2,100,5.82,0
158,Tuatapere,167.68,-46.13,64.0,69,1.99,87
159,Comodoro rivadavia,-67.5,-45.87,64.4,36,8.05,83
160,Dubti,41.09,11.74,69.91,66,9.55,79
161,Menongue,17.69,-14.66,63.95,94,3.13,100
162,Altay,88.12,47.87,13.87,90,3.42,100
163,Lamar,-95.58,33.67,50.05,87,2.91,90
164,Albany,-73.97,42.6,35.06,69,3.36,90
165,Ginda,78.49,30.69,42.17,28,4.72,4
166,East london,27.91,-33.02,60.8,67,13.87,20
167,Qaqortoq,-46.03,60.72,12.2,61,3.36,90
168,Juneau,-134.42,58.3,39.99,86,17.22,75
169,Basco,121.97,20.45,74.71,83,16.06,100
170,Port lincoln,135.87,-34.73,70.61,56,11.86,12
171,Muros,-9.06,42.78,52.56,100,8.05,90
172,Ler,30.14,8.3,65.25,23,6.67,32
173,Bambanglipuro,110.28,-7.95,86.04,63,4.74,32
174,Atambua,124.89,-9.11,83.19,74,5.61,39
175,Fuyu,124.82,45.18,20.19,71,6.24,0
176,Rocha,-54.33,-34.48,64.71,98,3.18,15
177,Vaini,-175.2,-21.2,86.0,74,8.05,20
178,Marienburg,19.03,54.04,31.98,78,4.7,90
179,Henties bay,14.28,-22.12,61.0,92,1.01,11
180,Takoradi,-1.76,4.88,75.31,89,2.26,0
181,Maceio,-35.74,-9.67,78.8,94,4.7,40
182,Dikson,80.55,73.51,-4.99,97,4.16,100
183,Buala,159.59,-8.14,86.92,67,7.7,95
184,Nanortalik,-45.24,60.14,22.69,74,19.01,100
185,Norton shores,-86.26,43.17,33.93,80,6.93,90
186,Penhold,-113.87,52.13,23.0,92,6.93,90
187,Yenagoa,6.26,4.92,72.1,87,3.31,0
188,Corinto,22.96,37.94,50.36,93,1.83,40
189,Kruisfontein,24.73,-34.0,54.41,87,10.11,23
190,Solnechnyy,136.63,50.72,3.83,92,4.83,0
191,Severodvinsk,39.83,64.56,-13.0,83,4.47,0
192,Latung,120.88,5.5,83.03,70,4.94,19
193,Caconda,15.07,-13.73,60.75,95,1.07,99
194,Malartic,-78.13,48.13,27.37,92,9.17,90
195,Saldanha,17.94,-33.01,55.4,87,9.17,12
196,Camacha,-16.33,33.08,59.25,77,4.7,40
197,Isangel,169.27,-19.55,87.8,70,11.41,75
198,Kot addu,70.97,30.47,53.6,81,6.73,40
199,Upernavik,-56.15,72.79,-16.42,94,4.63,86
200,Shirokiy,129.52,49.76,4.1,90,6.58,0
201,Margate,1.39,51.38,46.49,100,14.99,86
202,Matay,30.78,28.42,44.42,47,4.36,66
203,Rio pomba,-43.18,-21.27,73.99,99,2.64,100
204,Nuuk,-51.72,64.18,14.0,61,9.17,100
205,Guerrero negro,-114.06,27.98,59.74,86,14.25,20
206,Loreto,-101.97,22.27,55.99,55,9.4,57
207,Udon thani,102.79,17.42,69.8,64,8.05,75
208,Manitouwadge,-85.84,49.12,14.22,95,7.2,100
209,Saint pete beach,-82.74,27.73,56.53,67,5.82,20
210,Avarua,-159.78,-21.21,77.0,94,6.93,100
211,Maldonado,-54.92,-34.67,69.8,94,11.41,0
212,George,22.46,-33.96,55.4,87,6.93,20
213,Sibu,111.82,2.3,86.0,74,5.82,75
214,Dauphin,-100.05,51.15,17.6,92,4.7,90
215,Thetford mines,-71.3,46.09,30.2,95,3.0,100
216,Tomatlan,-105.25,19.93,64.76,96,1.34,0
217,Kathu,98.33,7.92,86.0,58,4.7,20
218,Baft,56.61,29.23,27.14,67,5.59,0
219,Hithadhoo,73.08,-0.6,81.86,82,11.16,86
220,Lalawigan,125.47,11.59,84.76,68,6.15,30
221,Saint-philippe,55.77,-21.36,72.03,69,8.05,75
222,Calama,-68.93,-22.47,60.8,59,5.82,40
223,Muroto,134.15,33.28,53.6,87,6.93,75
224,Sayat,63.88,38.78,26.6,92,4.7,35
225,Saskylakh,114.08,71.92,-17.93,97,5.84,100
226,Bloemfontein,26.21,-29.12,51.8,93,6.93,20
227,Huarmey,-78.15,-10.07,71.55,77,2.51,100
228,Elko,-115.5,41.0,35.69,86,6.93,90
229,Russell,-85.2,32.35,49.01,81,5.12,90
230,Devonport,146.35,-41.17,67.71,49,7.0,100
231,Axim,-2.24,4.87,75.31,89,2.26,0
232,Bonavista,-53.11,48.65,28.0,85,3.0,100
233,Lasa,10.7,46.62,28.81,86,6.93,5
234,San cristobal,-72.22,7.77,75.2,88,4.7,40
235,Trairi,-39.27,-3.28,75.06,95,3.15,100
236,Tambura,27.47,5.6,65.23,31,5.3,70
237,Nosy varika,48.53,-20.58,70.14,80,3.96,57
238,Izyum,37.25,49.21,29.57,89,8.88,0
239,Pontal do parana,-48.51,-25.65,73.36,94,5.82,20
240,Rikitea,-134.97,-23.12,79.43,80,11.07,12
241,Sorkjosen,20.93,69.8,19.9,67,23.89,61
242,Necochea,-58.74,-38.55,59.14,64,5.01,0
243,Muisne,-80.03,0.6,75.65,88,2.93,100
244,Zhireken,117.31,52.82,4.05,84,3.87,0
245,Dutlwe,23.9,-23.98,67.15,32,9.8,13
246,Pokaran,71.92,26.92,64.94,37,11.03,44
247,Concordia,-58.02,-31.39,75.0,63,5.3,98
248,Honiara,159.95,-9.43,89.6,66,16.11,20
249,Lazaro cardenas,-102.2,17.96,73.35,76,0.96,14
250,Alta floresta,-56.09,-9.88,73.53,95,0.51,100
251,Kasongo-lunda,16.82,-6.47,68.11,97,0.6,100
252,Golspie,-3.98,57.97,36.95,74,6.93,100
253,Busselton,115.33,-33.65,95.7,11,4.61,0
254,Mar del plata,-57.56,-38.0,61.3,51,20.8,0
255,Fort-shevchenko,50.26,44.51,30.56,83,9.31,85
256,Tiznit,-9.5,29.58,49.03,56,1.81,0
257,Cockburn town,-71.14,21.46,75.67,74,10.09,2
258,Hermanus,19.23,-34.42,53.11,97,7.16,77
259,Bairiki,172.98,1.33,86.0,74,14.99,75
260,Nagpur,79.1,21.15,64.4,68,4.43,20
261,Yar-sale,70.83,66.83,-10.37,99,2.57,98
262,Constitucion,-72.42,-35.33,62.62,72,6.78,11
263,Kununurra,128.73,-15.77,95.0,56,5.82,51
264,Vila franca do campo,-25.43,37.72,62.6,88,17.22,20
265,Hasaki,140.83,35.73,44.85,65,8.05,75
266,Bulgan,103.53,48.81,10.2,74,3.42,100
267,Jamestown,-79.24,42.1,31.14,92,11.41,90
268,Poso,120.75,-1.4,79.12,64,4.03,67
269,Dunedin,170.5,-45.87,69.49,65,8.05,64
270,Tezu,96.17,27.92,58.73,36,2.59,0
271,Kincardine,-3.72,56.07,37.49,93,13.87,75
272,Neiafu,-173.98,-18.65,84.2,79,5.82,75
273,Bossangoa,17.46,6.49,61.32,21,1.74,87
274,Boa vista,-60.67,2.82,84.2,62,8.05,6
275,Lebu,-73.65,-37.62,57.65,58,7.81,33
276,Eydhafushi,73.07,5.1,80.73,78,10.67,100
277,Sampit,112.95,-2.53,83.07,85,2.93,71
278,North platte,-100.77,41.12,29.8,79,7.76,1
279,Kharp,65.81,66.8,-6.77,99,1.83,99
280,Piacabucu,-36.43,-10.41,79.29,85,7.49,100
281,Verkhnyaya toyma,45.0,62.23,3.04,95,6.85,97
282,Zhigansk,123.37,66.77,-28.62,62,2.84,0
283,Qaanaaq,-69.36,77.48,-8.48,51,3.71,39
284,Nabire,135.48,-3.37,89.49,57,6.53,64
285,Ushuaia,-68.3,-54.8,48.2,66,5.84,75
286,Platteville,-90.48,42.73,28.2,92,5.82,90
287,Singkawang,109.0,0.9,81.27,82,6.02,71
288,Marsh harbour,-77.06,26.54,69.98,50,5.06,1
289,Bay roberts,-53.26,47.6,27.48,63,10.29,90
290,Ritchie,24.6,-29.04,55.4,71,8.05,0
291,Luau,22.22,-10.71,65.28,98,2.77,100
292,Kargil,76.1,34.57,-16.87,54,0.92,0
293,New norfolk,147.06,-42.78,68.95,33,12.75,75
294,Labytnangi,66.42,66.66,-10.1,97,6.6,100
295,Huambo,15.74,-12.78,61.7,93,3.06,100
296,Saint anthony,-93.22,45.02,25.25,92,8.05,90
297,San patricio,-104.7,19.22,77.23,78,14.2,0
298,Damietta,31.81,31.42,51.8,87,2.24,98
299,Nouadhibou,-17.03,20.93,60.8,72,13.87,0
300,Saint george,-113.58,37.1,50.63,58,4.7,90
301,Vestmannaeyjar,-20.27,63.44,36.7,86,31.47,93
302,Surt,16.59,31.21,57.87,31,12.08,1
303,Bredasdorp,20.04,-34.53,54.25,71,3.36,86
304,Curitibanos,-50.58,-27.28,62.47,86,2.55,42
305,Georgetown,100.34,5.41,86.74,70,5.82,20
306,Ullapool,-5.16,57.9,37.69,73,8.01,100
307,Chuy,-53.46,-33.7,70.61,93,5.26,65
308,Sao miguel do araguaia,-50.16,-13.28,72.46,95,5.46,95
309,Plastun,136.29,44.76,23.61,50,9.78,0
310,Ninghai,121.42,29.29,46.58,87,11.18,75
311,Hirara,125.28,24.8,67.12,72,18.34,75
312,Abatskoye,70.46,56.29,23.83,93,13.04,100
313,Lavrentiya,-171.0,65.58,-15.61,84,1.03,0
314,Santa cruz,-63.17,-17.8,80.6,83,6.93,33
315,Torbay,-52.73,47.67,27.48,63,10.29,90
316,Ribeira grande,-28.7,38.52,59.65,89,20.76,100
317,Olhao,-7.84,37.03,50.0,100,5.82,20
318,Moron,-58.62,-34.65,71.02,73,12.75,42
319,Asau,26.4,46.43,29.05,92,2.24,100
320,Mehamn,27.85,71.04,16.05,76,6.13,100
321,Kahului,-156.47,20.89,74.98,57,10.29,1
322,Cutro,16.98,39.04,53.6,87,8.05,40
323,Derbent,48.29,42.07,43.18,81,13.98,83
324,Mokhsogollokh,128.92,61.47,-13.04,97,5.7,100
325,Lambarene,10.24,-0.7,75.34,95,1.5,49
326,Havre-saint-pierre,-63.6,50.23,28.4,92,16.11,90
327,Hobart,147.33,-42.88,69.06,33,12.75,75
328,Touba,-7.68,8.28,67.24,17,0.49,45
329,Salalah,54.09,17.02,62.6,21,18.34,0
330,Innisfail,146.03,-17.53,79.21,91,2.84,100
331,Tessalit,1.01,20.2,65.84,11,4.56,100
332,Sur,59.53,22.57,61.5,53,11.83,4
333,Sorland,12.69,67.67,28.49,97,28.74,100
334,The pas,-101.25,53.83,17.6,92,3.36,90
335,Ocotlan,-102.77,20.35,63.73,48,4.7,40
336,Santa rosa,121.11,14.31,86.31,66,8.05,20
337,Sola,167.55,-13.88,86.0,74,11.88,90
338,San quintin,-115.95,30.48,55.83,85,8.48,38
339,Tilichiki,166.1,60.47,26.56,89,14.12,100
340,Port hedland,118.57,-20.32,98.6,42,11.41,0
341,Catamarca,-65.79,-28.47,73.0,66,8.16,100
342,Port augusta,137.77,-32.5,85.42,61,20.8,0
343,Eten,-79.86,-6.91,75.2,83,11.41,20
344,Kurumkan,110.3,54.3,6.71,89,1.39,1
345,Provideniya,-173.3,64.38,-5.8,76,4.47,0
346,Pangnirtung,-65.71,66.15,-38.42,99,1.68,100
347,Araouane,-3.53,18.9,68.94,11,3.65,68
348,Cariacica,-40.42,-20.26,73.22,94,3.36,20
349,Kloulklubed,134.26,7.04,86.0,70,10.29,75
350,Litovko,135.17,49.24,5.86,86,5.46,32
351,Kavieng,150.8,-2.57,85.28,72,10.6,34
352,Falun,15.63,60.6,39.76,86,8.05,100
353,Enshi,109.48,30.3,35.65,81,2.55,94
354,Mataura,168.86,-46.19,64.0,69,1.99,76
355,Kodiak,-152.41,57.79,15.8,61,9.17,90
356,Vicosa,-42.88,-20.75,73.99,99,3.42,100
357,Lensk,114.93,60.73,7.93,88,14.56,100
358,Castro,-50.01,-24.79,63.45,94,3.09,0
359,Boende,20.87,-0.22,69.42,42,1.34,0
360,Pacific grove,-121.92,36.62,51.03,82,4.7,75
361,Kralendijk,-68.27,12.15,78.8,83,5.82,0
362,Kadnikov,40.34,59.5,11.12,92,7.85,26
363,Anton lizardo,-95.98,19.05,72.25,94,5.03,5
364,Kapaa,-159.32,22.08,76.86,78,10.29,1
365,Pevek,170.31,69.7,-5.13,94,1.63,100
366,Vanavara,102.28,60.34,-1.62,99,4.65,80
367,Caico,-37.1,-6.46,81.01,69,14.65,100
368,Flin flon,-101.86,54.77,7.7,95,3.69,0
369,Mangrol,70.12,21.12,70.38,75,11.61,0
370,Narsaq,-46.05,60.92,12.2,61,3.36,77
371,Takhtamygda,123.57,54.1,-1.37,90,0.65,99
372,Bengkulu,102.27,-3.8,86.36,59,3.36,87
373,Kisangani,25.2,0.52,73.49,38,0.38,98
374,Kolding,9.47,55.49,40.08,93,11.41,100
375,Amapa,-52.0,1.0,72.39,99,2.26,100
376,Tuktoyaktuk,-133.04,69.45,-18.4,75,8.05,90
377,Djambala,14.75,-2.54,69.94,89,5.01,12
378,Toora-khem,96.11,52.47,4.17,94,1.83,17
379,Westport,-73.36,41.14,38.43,64,5.82,1
380,Rio grande,-52.1,-32.03,75.0,92,1.01,100
381,Maniitsoq,-52.9,65.42,12.49,79,3.51,100
382,Kuybysheve,36.65,47.36,29.5,89,5.77,0
383,Camiri,-63.52,-20.05,69.39,47,3.76,5
384,La ronge,-105.28,55.1,21.2,92,6.93,90
385,Bluff,168.33,-46.6,64.0,69,1.99,91
386,Ilulissat,-51.1,69.22,3.2,65,2.24,57
387,Kashi,75.98,39.45,21.2,62,11.18,0
388,Tautira,-149.15,-17.73,87.44,62,11.41,20
389,Beloha,45.05,-25.17,73.09,66,7.09,0
390,Karakol,78.39,42.49,15.67,43,5.7,0
391,Clarence town,151.78,-32.58,82.69,74,12.75,90
392,Cabedelo,-34.83,-6.98,78.8,85,5.82,20
393,Svetlyy,20.13,54.67,33.8,80,6.71,90
394,Alice springs,133.88,-23.7,96.8,11,14.99,3
395,Puerto ayora,-90.35,-0.74,75.0,30,1.99,100
396,Santiago,-70.65,-33.46,77.0,44,5.82,0
397,Hilo,-155.09,19.73,70.97,61,6.93,75
398,Ponezhukay,39.39,44.89,33.21,89,6.82,40
399,Talnakh,88.4,69.49,-2.2,77,15.66,100
400,Clyde river,-68.59,70.47,-27.4,82,6.93,1
401,Fountain,-104.7,38.68,31.57,44,4.7,1
402,Tasiilaq,-37.64,65.61,30.2,42,3.36,100
403,Dajal,70.38,29.56,57.15,59,15.01,64
404,Gubkinskiy,76.5,64.43,-8.95,99,8.72,80
405,Karwar,74.13,14.8,75.83,70,3.87,46
406,La rinconada,-5.98,37.49,45.9,100,2.24,40
407,Yurkivka,31.1,49.01,31.33,82,5.73,0
408,Leningradskiy,178.42,69.38,-8.25,93,13.62,100
409,Pajapan,-94.7,18.25,70.81,94,4.59,1
410,Udachnyy,112.4,66.42,-22.0,82,3.18,90
411,Waingapu,120.26,-9.66,83.91,73,1.9,100
412,South patrick shores,-80.61,28.2,53.28,66,3.36,1
413,Fukue,128.84,32.69,49.21,93,26.4,75
414,Cape town,18.42,-33.93,56.75,93,8.05,20
415,Aksarka,67.8,66.56,-11.22,98,4.81,98
416,Lewisporte,-55.05,49.25,24.6,85,11.41,90
417,Maarianhamina,19.93,60.1,37.4,93,3.36,90
418,Seydi,62.91,39.48,34.32,58,9.06,65
419,Puerto colombia,-74.95,10.99,78.8,83,10.29,20
420,Oil city,-79.71,41.43,31.23,92,13.87,90
421,Berlevag,29.09,70.86,22.64,63,11.48,100
422,Tucupita,-62.05,9.06,70.39,98,3.0,99
423,Vila velha,-40.29,-20.33,73.22,94,3.36,20
424,Mwene-ditu,23.45,-7.0,67.08,95,2.44,100
425,Thompson,-97.86,55.74,-5.8,83,0.69,75
426,Tateyama,139.87,34.98,44.24,75,13.87,75
427,Sao felix do xingu,-51.99,-6.64,73.47,90,0.96,0
428,Makakilo city,-158.09,21.35,78.15,61,9.17,1
429,Hambantota,81.12,6.12,73.4,100,5.82,5
430,Grindavik,-22.43,63.84,32.0,70,13.87,40
431,Itaituba,-55.98,-4.28,76.3,84,2.04,98
432,Goderich,-81.72,43.75,32.11,90,1.01,100
433,Raymondville,-97.78,26.48,64.56,93,6.93,0
434,Sarab,44.99,38.61,15.26,59,1.12,0
435,Tupaciguara,-48.7,-18.59,71.6,64,5.82,100
436,Rafai,23.92,4.95,63.79,37,3.8,0
437,Port blair,92.75,11.67,71.6,83,2.24,11
438,Lompoc,-120.46,34.64,54.43,93,13.87,75
439,Mpwapwa,36.48,-6.35,63.82,97,0.98,100
440,Artesia,-118.08,33.87,53.01,82,5.88,1
441,Pangkalanbuun,111.62,-2.68,83.12,79,3.42,100
442,Bulnes,-72.3,-36.74,68.56,49,11.41,0
443,Urumqi,87.6,43.8,6.8,92,2.24,6
444,Kalmunai,81.82,7.42,79.74,63,9.89,85
445,Jinka,36.65,5.65,71.17,79,2.93,100
446,Bilma,12.92,18.69,60.96,13,8.48,12
447,Prince albert,-105.77,53.2,14.0,85,6.93,90
448,Sohagpur,78.2,22.7,65.26,40,2.48,0
449,Luderitz,15.16,-26.65,62.6,63,11.41,0
450,Bjorkelangen,11.57,59.88,39.79,100,16.11,90
451,Solvychegodsk,46.92,61.33,0.37,97,3.96,100
452,Faya,42.45,18.39,40.08,48,4.0,0
453,Ixtapa,-105.2,20.7,74.59,73,2.55,20
454,Tual,132.75,-5.67,84.69,71,10.83,48
455,Souillac,57.52,-20.52,77.0,78,9.17,75
456,Dumai,101.45,1.68,75.76,96,2.08,100
457,Geraldton,114.6,-28.77,96.8,34,12.75,0
458,Khasan,130.64,42.43,27.12,61,4.07,27
459,Sao filipe,-24.5,14.9,73.15,65,10.83,0
460,Birao,22.79,10.28,58.59,19,11.63,2
461,Norman wells,-126.83,65.28,-13.0,69,16.11,75
462,Beitbridge,30.0,-22.22,77.74,48,2.39,0
463,Vadinsk,43.06,53.69,33.21,97,20.29,100
464,Quelimane,36.89,-17.88,78.8,88,4.7,40
465,Port macquarie,152.92,-31.43,89.08,52,13.87,7
466,Warrington,-2.58,53.39,40.95,93,11.41,20
467,Bud,-86.18,39.45,30.9,86,6.93,40
468,Poum,164.02,-20.23,79.86,78,23.98,0
469,Wewak,143.63,-3.55,84.43,69,11.14,88
470,Marca,22.57,47.22,32.0,85,3.36,54
471,Bemidji,-94.88,47.47,19.27,92,3.36,90
472,Jimo,120.46,36.39,42.84,56,6.71,40
473,Manacapuru,-60.62,-3.3,77.0,94,3.36,99
474,Jaisalmer,70.92,26.91,65.21,44,7.43,9
475,Peniche,-9.38,39.36,54.16,93,6.93,20
476,Whitehorse,-135.05,60.72,-2.38,76,8.05,75
477,Olafsvik,-23.71,64.89,33.73,70,11.88,67
478,Zemio,25.14,5.03,64.29,31,4.54,86
479,Plouzane,-4.62,48.38,47.55,93,13.87,90
480,Humaita,-63.02,-7.51,78.44,84,2.01,28
481,Vinh,105.67,18.67,59.52,83,2.86,100
482,Tchollire,14.17,8.4,62.58,18,1.21,57
483,Platonovka,41.95,52.71,32.27,93,18.92,100
484,Edeia,-49.93,-17.34,70.32,88,2.44,66
485,Acapulco,-99.89,16.86,80.6,74,6.93,20
486,Longyearbyen,15.64,78.22,3.2,77,3.36,21
487,Kedrovyy,91.82,56.17,3.2,77,2.24,20
488,Vanimo,141.3,-2.67,83.48,77,16.22,99
489,Hovd,91.64,48.01,11.14,63,2.26,44
490,Airai,125.41,-8.93,82.78,59,5.39,12
491,Bardiyah,25.09,31.76,56.19,58,8.95,100
492,Mulki,74.8,13.1,77.0,73,5.82,48
493,Christchurch,172.63,-43.53,78.53,51,5.82,13
494,Saint-pierre,55.48,-21.34,72.07,69,8.05,75
495,Natalio,-55.08,-26.72,70.16,55,1.21,9
496,Husavik,-17.34,66.04,24.8,73,16.11,29
497,Paamiut,-49.67,61.99,18.07,66,22.95,100
498,Chiredzi,31.67,-21.05,72.88,56,2.66,0
499,Katsuura,140.3,35.13,44.4,67,13.87,75
500,Port-cartier,-66.87,50.03,28.17,86,11.41,90
501,San ramon,-121.98,37.78,51.06,81,8.05,1
502,Grenada,-3.61,37.19,37.22,63,3.33,0
503,Esperanza,-70.98,19.58,72.39,88,6.93,75
504,Karratha,116.85,-20.74,88.66,61,16.75,0
505,Ashland,-82.27,40.82,32.85,86,12.75,90
506,Cayenne,-52.33,4.93,73.4,100,2.24,90
507,Faisalabad,73.08,31.42,54.0,61,4.83,50
508,Port hardy,-127.42,50.7,41.0,93,5.82,90
509,La rioja,-2.5,42.25,35.98,95,1.12,20
510,Ganzhou,115.43,28.82,42.31,75,4.23,100
511,Eirunepe,-69.87,-6.66,74.28,96,2.53,46
512,Maua,-46.46,-23.67,66.24,28,3.36,0
513,Port elizabeth,25.57,-33.92,60.8,72,11.41,20
514,Verkhoyansk,133.38,67.54,-43.06,82,0.76,0
515,Mount gambier,140.77,-37.83,69.8,52,11.41,75
516,Vardo,31.11,70.37,21.76,66,15.64,100
517,Beringovskiy,179.32,63.05,14.83,91,0.31,100
518,San luis,-66.34,-33.3,81.5,27,16.62,0
519,Ostrovnoy,39.51,68.05,6.69,94,11.99,99
520,Port hawkesbury,-61.35,45.62,42.01,93,8.05,90
521,Esperance,121.9,-33.87,89.6,35,8.05,0
522,Iqaluit,-68.51,63.75,-22.0,67,2.24,75
523,Kabanjahe,98.49,3.1,84.11,79,5.82,40
524,Abha,42.51,18.22,40.06,48,12.41,0
525,Nichinan,131.37,31.6,59.52,100,21.92,75
526,Kristiinankaupunki,21.38,62.27,26.4,82,9.44,100
527,Payo,103.64,-3.75,78.33,76,3.18,97
528,Atuona,-139.03,-9.8,81.14,69,7.9,18
529,Bitkine,18.21,11.98,60.8,15,7.67,0
530,Ellisras,27.74,-23.66,75.02,57,3.89,30
531,Itaueira,-43.03,-7.6,73.24,96,5.61,99
532,Naze,129.48,28.37,72.45,68,11.41,75
533,Rorvik,11.24,64.86,30.99,78,8.01,100
534,Yulara,130.99,-25.24,98.6,11,11.41,0
535,Sungairaya,108.9,0.7,80.46,85,2.13,84
536,Saint-augustin,-58.65,51.23,25.57,96,9.04,100
537,Fortuna,-124.16,40.6,50.22,81,3.36,90
538,Joshimath,79.57,30.57,30.16,32,7.7,0
539,Japura,102.35,-0.32,83.64,79,0.83,98
540,Oktyabrskiy,53.47,54.48,3.51,95,5.88,96
541,Telimele,-13.33,10.92,67.08,25,1.79,54
542,Severo-kurilsk,156.12,50.68,22.37,88,11.25,89
